[app/ui]
version = 6.3.3
modtime = 1458751810.444692000

[app/launcher]
version = 6.3.3
modtime = 1458751810.450027000

[app/package/check_for_updates]
version = 6.3.3
modtime = 1458751810.451788000
